max labels: 3
111921.78407703406
0 100 200 300 400 500 600 700 800 900 1000
83531.85248085247
0 100 200 300 400 500 600 700 800 900 1000
81533.96182706187
0 100 200 300 400 500 600 700 800 900 1000
81532.10613275609
0 100 200 300 400 500 600 700 800 900 1000
81532.10613275609
max labels: 4
102388.06745476752
0 100 200 300 400 500 600 700 800 900 1000
63251.47437007436
0 100 200 300 400 500 600 700 800 900 1000
58781.219214119206
0 100 200 300 400 500 600 700 800 900 1000
58781.219214119206
max labels: 5
97730.4306915307
0 100 200 300 400 500 600 700 800 900 1000
43701.5095709846
0 100 200 300 400 500 600 700 800 900 1000
39132.10625208124
0 100 200 300 400 500 600 700 800 900 1000
39132.10625208124
max labels: 6
98418.4859473859
0 100 200 300 400 500 600 700 800 900 1000
27714.2698995449
0 100 200 300 400 500 600 700 800 900 1000
23136.9490870241
0 100 200 300 400 500 600 700 800 900 1000
23136.9490870241
max labels: 7
106502.99750804744
0 100 200 300 400 500 600 700 800 900 1000
18173.74201909203
0 100 200 300 400 500 600 700 800 900 1000
11925.130186480183
0 100 200 300 400 500 600 700 800 900 1000
11925.130186480183
max labels: 8
122832.04584859582
0 100 200 300 400 500 600 700 800 900 1000
17232.976448551453
0 100 200 300 400 500 600 700 800 900 1000
5291.316916416918
0 100 200 300 400 500 600 700 800 900 1000
5291.316916416918
max labels = 3 agv_precision = 0.990 avg_recall = 0.645
max labels = 4 agv_precision = 0.993 avg_recall = 0.783
max labels = 5 agv_precision = 0.993 avg_recall = 0.875
max labels = 6 agv_precision = 0.994 avg_recall = 0.940
max labels = 7 agv_precision = 0.994 avg_recall = 0.968
max labels = 8 agv_precision = 0.994 avg_recall = 0.985



max labels = 3 cost = 67756.95520035517 agv_precision = 0.994 avg_recall = 0.647
max labels = 4 cost = 45527.94880674878 agv_precision = 0.994 avg_recall = 0.784
max labels = 5 cost = 29451.78991841491 agv_precision = 0.994 avg_recall = 0.876
max labels = 6 cost = 17176.445299145296 agv_precision = 0.994 avg_recall = 0.935
max labels = 7 cost = 8715.726934176935 agv_precision = 0.994 avg_recall = 0.968
max labels = 8 cost = 3678.7759296259283 agv_precision = 0.994 avg_recall = 0.985